0 :
-9.302098917931472
-8.785833928298281
-9.101864243261437
-8.523082446761109
-10.445164687324738
-9.070213725722246
-9.243469877595537
-8.852241594409964
-9.485570027600792
-8.859028671439075
Mean: -9.166856812034464

1 :
-7.9498646934610475
-8.226670610498461
-9.219655496464286
-8.642020416656685
-10.262769157607554
-10.445026968300784
-10.06701835088979
-9.159664870782507
-9.482765294424677
-9.302900702791034
Mean: -9.275835656187683

2 :
-7.378872696305982
-7.814161710506738
-9.790227813240387
-7.642750142277999
-8.535147479281562
-8.658762934798883
-7.394741371526204
-8.866932192147518
-8.172838445381732
-7.933230075637211
Mean: -8.218766486110422

